nie istnieje
57.29
28.6363
19.0811
14.3007
11.4301
9.5144
8.1443
7.1154
6.3138
5.6713
5.1446
4.7046
4.3315
4.0108
3.7321
3.4874
3.2709
3.0777
2.9042
2.7475
2.6051
2.4751
2.3559
2.246
2.1445
2.0503
1.9626
1.8807
1.804
sqrt(3)
1.6643
1.6003
1.5399
1.4826
1.4281
1.3764
1.327
1.2799
1.2349
1.1918
1.1504
1.1106
1.0724
1.0355
1
0.9657
0.9325
0.9004
0.8693
0.8391
0.8098
0.7813
0.7536
0.7265
0.7002
0.6745
0.6494
0.6249
0.6009
sqrt(3)/3
0.5543
0.5317
0.5095
0.4877
0.4663
0.4452
0.4245
0.404
0.3839
0.364
0.3443
0.3249
0.3057
0.2867
0.2679
0.2493
0.2309
0.2126
0.1944
0.1763
0.1584
0.1405
0.1228
0.1051
0.0875
0.0699
0.0524
0.0349
0.0175
0
